__version__: 1
CameraIntrinsics:
  CameraMatrix:
    CX: 602.21142578125
    CY: 511.492309570312
    FX: 1243.66430664062
    FY: 1243.91760253906
  Distortion:
    K1: 0.0439785607159138
    K2: -0.0308855399489403
    K3: -0.180501788854599
    P1: -5.89438823226374e-05
    P2: -0.000264690606854856
